
NE
1707944.8907409  5444473.9738228
1707944.8907409  5444673
1708100          5444673
1708100          5444473.9738228
1707944.8907409  5444473.9738228

NW
1707944.8907409  5444473.9738228
1707944.8907409  5444673
1707744          5444673
1707744          5444473.9738228
1707944.8907409  5444473.9738228

SE
1707944.8907409  5444473.9738228
1707944.8907409  5444273
1708100          5444273
1708100          5444473.9738228
1707944.8907409  5444473.9738228

SW
1707944.8907409  5444473.9738228
1707944.8907409  5444273
1707744          5444273
1707744          5444473.9738228
1707944.8907409  5444473.9738228

NE Polygon(())